x 1 2 3 4 3 6 7 8 4 7 11 2 13 14 5
1 x 2 3 4 5 6 7 8 3 10 11 12 13 14 8
1 2 x 3 4 5 6 7 8 9 5 11 3 13 6 11
1 2 3 x 4 5 6 7 8 9 10 11 12 13 14 3
1 2 3 4 x 5 6 7 8 9 10 11 12 13 14 6
1 2 3 4 5 x 6 7 8 9 10 11 12 13 14 4
1 2 3 4 5 6 x 7 8 9 10 11 12 13 14 5
1 2 3 4 5 6 7 x 8 9 10 11 12 13 14 8
1 2 3 4 5 6 7 8 x 9 10 11 12 13 14 3
1 2 3 4 5 6 7 8 9 x 10 11 12 13 14 4
1 2 3 4 5 6 7 8 9 10 x 11 12 13 14 7
1 2 3 4 5 6 7 8 9 10 11 x 12 13 5 4
1 2 3 4 5 6 7 8 9 10 11 12 x 13 3 7
1 2 3 4 5 6 7 8 9 10 11 12 13 x 7 9
1 2 3 4 5 6 7 8 9 10 11 12 13 14 x 2
1 2 3 4 5 6 7 8 9 10 11 12 13 14 5 x