475
996
241
566
746
666
323
407
206
809
136
738
210
462
786
387
184
719
766
594
176
726
310
597
457
21
399
801
215
975
544
281
325
839
184
868
650
974
452
225
191
855
787
410
170
970
708
418
762
287
452
351
445
428
300
265
124
313
143
888
988
345
725
817
590
268
537
334
766
701
312
147
571
311
220
228
937
889
898
112
71
394
383
781
368
147
638
899
901
36
554
477
376
853
357
717
470
809
836
694
159
877
124
388
103
207
622
239
526
53
852
287
394
769
275
323
8
318
181
646
362
815
96
545
916
16
202
418
51
520
116
8
52
605
499
352
655
992
705
762
408
436
597
990
473
366
286
262
603
156
740
309
598
120
752
335
426
209
923
422
957
466
818
859
785
690
613
798
987
873
45
988
950
917
725
537
970
228
142
571
92
154
592
476
724
759
842
733
183
28
19
38
312
723
204
571
846
134
932
198
680
807
125
621
790
427
953
602
657
661
189
227
720
721
551
226
102
572
914
574
575
339
954
61
863
737
861
940
217
393
101
630
921
757
12
646
163
811
385
613
887
990
413
216
646
92
786
42
697
933
435
127
32
922
600
595