16
8 5 6 4 2 8 5 6 4 2 2 6 4 2 2 8
8 8 8 6 5 8 5 6 4 2 6 6 4 2 2 6
5 4 8 2 5 8 5 6 4 2 8 6 4 2 2 5
4 1 2 8 4 8 5 6 4 2 9 6 4 2 2 6
8 5 9 1 8 8 5 6 4 2 9 6 4 2 2 4
8 5 6 4 2 8 5 6 4 2 2 6 4 2 2 4
8 8 8 6 5 8 5 6 4 2 6 6 4 2 2 7
5 4 8 2 5 8 5 6 4 2 8 6 4 2 2 9
4 1 2 8 4 8 5 6 4 2 9 6 4 2 2 5
8 5 9 1 8 8 5 6 4 2 9 6 4 2 2 5
8 5 6 4 2 8 5 6 4 2 2 6 4 2 2 4
8 8 8 6 5 8 5 6 4 2 6 6 4 2 2 4
5 4 8 2 5 8 5 6 4 2 8 6 4 2 2 8
4 1 2 8 4 8 5 6 4 2 9 6 4 2 2 1
8 5 9 1 8 8 5 6 4 2 9 6 4 2 2 1
8 5 9 1 8 8 5 6 4 2 9 6 4 2 2 7